=== メイン口 ===
総投資: 346,000円
総払戻: 295,080円
総返還: 1,000円
損益:   -49,920円
ROI:    -14.4%
プラス日数: 8/23日

--- 式別 ---
式別_norm    購入金額    払戻金額   返還金額       損益  ROI(%)
    ワイド 90100.0 61670.0    0.0 -28430.0   -31.6
     複勝 83000.0 75330.0 1000.0  -6670.0    -8.0
    3連複 46500.0 10660.0    0.0 -35840.0   -77.1
     単勝 46000.0 63640.0    0.0  17640.0    38.3
     馬連 35500.0 52240.0    0.0  16740.0    47.2
    3連単 29700.0 17050.0    0.0 -12650.0   -42.6
     枠連 12400.0 14490.0    0.0   2090.0    16.9
     馬単  2800.0     0.0    0.0  -2800.0  -100.0

--- 日付別 ---
      日付    購入金額    払戻金額   返還金額       損益  ROI(%)     累計損益
20260104 14100.0 11260.0    0.0  -2840.0   -20.1  -2840.0
20260105  7400.0 11220.0    0.0   3820.0    51.6    980.0
20260110 12000.0  7100.0    0.0  -4900.0   -40.8  -3920.0
20260111 31300.0 38400.0    0.0   7100.0    22.7   3180.0
20260112  8500.0  1200.0    0.0  -7300.0   -85.9  -4120.0
20260117  1000.0  1100.0    0.0    100.0    10.0  -4020.0
20260118 16300.0  1290.0    0.0 -15010.0   -92.1 -19030.0
20260124  9100.0  2400.0    0.0  -6700.0   -73.6 -25730.0
20260125 11000.0  1280.0    0.0  -9720.0   -88.4 -35450.0
20260131 10800.0  8610.0    0.0  -2190.0   -20.3 -37640.0
20260201 12800.0 13640.0    0.0    840.0     6.6 -36800.0
20260207  7500.0  1200.0 1000.0  -5300.0   -70.7 -42100.0
20260210  3000.0  3200.0    0.0    200.0     6.7 -41900.0
20260215 10900.0  8400.0    0.0  -2500.0   -22.9 -44400.0
20260221 25800.0 29390.0    0.0   3590.0    13.9 -40810.0
20260222 28900.0 20140.0    0.0  -8760.0   -30.3 -49570.0
20260228 27300.0 17840.0    0.0  -9460.0   -34.7 -59030.0
20260301  3000.0  5700.0    0.0   2700.0    90.0 -56330.0
20260308  6200.0  3600.0    0.0  -2600.0   -41.9 -58930.0
20260314   100.0     0.0    0.0   -100.0  -100.0 -59030.0
20260315 16400.0 56450.0    0.0  40050.0   244.2 -18980.0
20260321 34500.0 16370.0    0.0 -18130.0   -52.6 -37110.0
20260322 48100.0 35290.0    0.0 -12810.0   -26.6 -49920.0

=== 別口(video) ===
総投資: 32,600円
総払戻: 13,590円
総返還: 0円
損益:   -19,010円
ROI:    -58.3%
プラス日数: 0/5日

--- 式別 ---
式別_norm    購入金額   払戻金額  返還金額       損益  ROI(%)
    ワイド 16100.0 5510.0   0.0 -10590.0   -65.8
     複勝  9500.0 8080.0   0.0  -1420.0   -14.9
    3連複  4100.0    0.0   0.0  -4100.0  -100.0
     単勝  2900.0    0.0   0.0  -2900.0  -100.0

--- 日付別 ---
      日付    購入金額   払戻金額  返還金額       損益  ROI(%)     累計損益
20260228 22300.0 9990.0   0.0 -12310.0   -55.2 -12310.0
20260301  1000.0    0.0   0.0  -1000.0  -100.0 -13310.0
20260308  6200.0 3600.0   0.0  -2600.0   -41.9 -15910.0
20260314   100.0    0.0   0.0   -100.0  -100.0 -16010.0
20260315  3000.0    0.0   0.0  -3000.0  -100.0 -19010.0

=== 合算 ===
総投資: 378,600円
総払戻: 308,670円
総返還: 1,000円
損益:   -68,930円
ROI:    -18.2%
プラス日数: 8/23日

--- 式別 ---
式別_norm     購入金額    払戻金額   返還金額       損益  ROI(%)
    ワイド 106200.0 67180.0    0.0 -39020.0   -36.7
     複勝  92500.0 83410.0 1000.0  -8090.0    -8.7
    3連複  50600.0 10660.0    0.0 -39940.0   -78.9
     単勝  48900.0 63640.0    0.0  14740.0    30.1
     馬連  35500.0 52240.0    0.0  16740.0    47.2
    3連単  29700.0 17050.0    0.0 -12650.0   -42.6
     枠連  12400.0 14490.0    0.0   2090.0    16.9
     馬単   2800.0     0.0    0.0  -2800.0  -100.0

--- 日付別 ---
      日付    購入金額    払戻金額   返還金額       損益  ROI(%)     累計損益
20260104 14100.0 11260.0    0.0  -2840.0   -20.1  -2840.0
20260105  7400.0 11220.0    0.0   3820.0    51.6    980.0
20260110 12000.0  7100.0    0.0  -4900.0   -40.8  -3920.0
20260111 31300.0 38400.0    0.0   7100.0    22.7   3180.0
20260112  8500.0  1200.0    0.0  -7300.0   -85.9  -4120.0
20260117  1000.0  1100.0    0.0    100.0    10.0  -4020.0
20260118 16300.0  1290.0    0.0 -15010.0   -92.1 -19030.0
20260124  9100.0  2400.0    0.0  -6700.0   -73.6 -25730.0
20260125 11000.0  1280.0    0.0  -9720.0   -88.4 -35450.0
20260131 10800.0  8610.0    0.0  -2190.0   -20.3 -37640.0
20260201 12800.0 13640.0    0.0    840.0     6.6 -36800.0
20260207  7500.0  1200.0 1000.0  -5300.0   -70.7 -42100.0
20260210  3000.0  3200.0    0.0    200.0     6.7 -41900.0
20260215 10900.0  8400.0    0.0  -2500.0   -22.9 -44400.0
20260221 25800.0 29390.0    0.0   3590.0    13.9 -40810.0
20260222 28900.0 20140.0    0.0  -8760.0   -30.3 -49570.0
20260228 49600.0 27830.0    0.0 -21770.0   -43.9 -71340.0
20260301  4000.0  5700.0    0.0   1700.0    42.5 -69640.0
20260308 12400.0  7200.0    0.0  -5200.0   -41.9 -74840.0
20260314   200.0     0.0    0.0   -200.0  -100.0 -75040.0
20260315 19400.0 56450.0    0.0  37050.0   191.0 -37990.0
20260321 34500.0 16370.0    0.0 -18130.0   -52.6 -56120.0
20260322 48100.0 35290.0    0.0 -12810.0   -26.6 -68930.0

